L=5
i:Classifier_name=meka.classifiers.multilabel.BR
i:Classifier_ops=[-W, weka.classifiers.bayes.NaiveBayes]
i:Classifier_info=
i:Dataset_name=fewlabelswithoutrelevance
i:Type=CV
i:Threshold=[0.0737562386526705, 0.9999999988679584, 0.9987523749653955, 0.9473571013657205, 1.0]
i:Verbosity=10
i:N(test)=109.2 +/- 0.422
i:L=5     +/- 0    
i:Accuracy=0.496 +/- 0.039
i:Hamming score=0.8   +/- 0.017
i:Exact match=0.345 +/- 0.046
i:Jaccard dist=0.504 +/- 0.039
i:Hamming loss=0.2   +/- 0.017
i:ZeroOne loss=0.655 +/- 0.046
i:Harmonic score=NaN +/- NaN
i:One error=0.506 +/- 0.048
i:Rank loss=0.182 +/- 0.025
i:Avg precision=0.502 +/- 0.033
i:Log Loss (max L)=0.46  +/- 0.033
i:Log Loss (max D)=1.142 +/- 0.087
i:F1 micro avg=0.612 +/- 0.032
i:F1 macro avg, by ex.=0.519 +/- 0.034
i:F1 macro avg, by lbl=0.375 +/- 0.05 
i:Percent no-labels=0.119 +/- 0.018
i:Accuracy[0]=0.776 +/- 0.024
i:Harmonic[0]=0.765 +/- 0.026
i:Precision[0]=0.821 +/- 0.046
i:Recall[0]=0.812 +/- 0.038
i:Accuracy[1]=0.882 +/- 0.028
i:Harmonic[1]=0.36  +/- 0.249
i:Precision[1]=0.319 +/- 0.278
i:Recall[1]=0.25  +/- 0.199
i:Accuracy[2]=0.742 +/- 0.036
i:Harmonic[2]=0.394 +/- 0.079
i:Precision[2]=0.261 +/- 0.045
i:Recall[2]=0.26  +/- 0.071
i:Accuracy[3]=0.602 +/- 0.056
i:Harmonic[3]=0.585 +/- 0.058
i:Precision[3]=0.536 +/- 0.064
i:Recall[3]=0.526 +/- 0.068
i:Accuracy[4]=1     +/- 0    
i:Harmonic[4]=NaN +/- NaN
i:Precision[4]=0     +/- 0    
i:Recall[4]=0     +/- 0    
i:LCard_pred=1.268 +/- 0.009
i:LCard_diff=0.036 +/- 0.062
i:LCard_diff[0]=0.008 +/- 0.056
i:LCard_diff[1]=0.008 +/- 0.033
i:LCard_diff[2]=0.009 +/- 0.048
i:LCard_diff[3]=0.01  +/- 0.054
i:LCard_diff[4]=0     +/- 0    
i:N_train=982.8 +/- 0.422
i:N_test=109.2 +/- 0.422
i:LCard_train=1.304 +/- 0.006
i:LCard_test=1.304 +/- 0.054
i:Build_time=0.12  +/- 0.124
i:Test_time=0.024 +/- 0.024
i:Total_time=0.144 +/- 0.147
v:N_train=982.0
v:N_test=110.0
v:LCard_train=1.3085539714867618
v:LCard_test=1.2636363636363637
v:Build_time=0.471
v:Test_time=0.091
v:Total_time=0.562
|==== PREDICTIONS ===============>
|    1 [ 0 0 1 0 0 ] [ 0.003 0.045 1.000 0.245 0.000 ]
|    2 [ 1 0 0 0 0 ] [ 0.028 1.000 1.000 0.083 0.000 ]
|    3 [ 1 0 0 1 0 ] [ 1.000 1.000 0.898 0.998 0.000 ]
|    4 [ 1 0 0 0 0 ] [ 1.000 0.000 0.000 0.000 0.000 ]
|    5 [ 1 0 0 1 0 ] [ 0.696 1.000 0.983 0.936 0.000 ]
|    6 [ 0 0 0 1 0 ] [ 0.999 1.000 0.000 1.000 0.000 ]
|    7 [ 0 0 0 0 0 ] [ 0.000 0.000 0.000 1.000 0.000 ]
|    8 [ 1 0 1 0 0 ] [ 0.887 0.996 0.667 0.226 0.000 ]
|    9 [ 0 0 0 1 0 ] [ 0.000 0.000 0.001 1.000 0.000 ]
|   10 [ 1 1 0 1 0 ] [ 1.000 1.000 0.007 1.000 0.000 ]
|   11 [ 1 0 0 1 0 ] [ 0.994 1.000 0.999 1.000 0.000 ]
|   12 [ 1 0 1 0 0 ] [ 1.000 0.000 0.001 0.845 0.000 ]
|   13 [ 0 0 0 0 0 ] [ 1.000 0.000 0.000 0.612 0.000 ]
|   14 [ 0 0 0 1 0 ] [ 0.000 0.000 0.999 0.000 0.000 ]
|   15 [ 1 0 1 0 0 ] [ 0.000 0.059 0.000 0.000 0.000 ]
|   16 [ 0 0 0 0 0 ] [ 0.076 0.790 0.001 1.000 0.000 ]
|   17 [ 0 0 0 1 0 ] [ 0.004 0.000 0.980 0.853 0.000 ]
|   18 [ 1 0 0 0 0 ] [ 1.000 1.000 0.000 0.052 0.000 ]
|   19 [ 0 0 0 1 0 ] [ 0.000 0.000 0.023 0.986 0.000 ]
|   20 [ 1 0 1 0 0 ] [ 0.960 1.000 0.808 0.974 0.000 ]
|   21 [ 0 0 1 0 0 ] [ 0.023 0.970 0.135 0.995 0.000 ]
|   22 [ 0 0 1 0 0 ] [ 0.000 0.000 1.000 0.000 0.000 ]
|   23 [ 1 0 0 1 0 ] [ 0.988 1.000 0.990 0.098 0.000 ]
|   24 [ 1 0 1 0 0 ] [ 0.000 0.000 0.989 0.994 0.000 ]
|   25 [ 1 1 0 0 0 ] [ 1.000 1.000 0.793 1.000 0.000 ]
|   26 [ 1 1 0 1 0 ] [ 1.000 0.000 0.886 0.960 0.000 ]
|   27 [ 1 0 0 1 0 ] [ 0.155 1.000 0.998 0.002 0.000 ]
|   28 [ 0 0 0 1 0 ] [ 0.000 0.000 0.973 0.563 0.000 ]
|   29 [ 0 0 0 0 0 ] [ 1.000 0.000 0.984 0.251 0.000 ]
|   30 [ 0 0 0 0 0 ] [ 0.000 0.000 0.423 1.000 0.000 ]
|   31 [ 0 0 0 0 0 ] [ 0.648 0.020 0.953 0.023 0.000 ]
|   32 [ 1 0 1 0 0 ] [ 0.008 0.997 0.845 0.715 0.000 ]
|   33 [ 1 1 0 1 0 ] [ 1.000 1.000 0.000 0.990 0.000 ]
|   34 [ 0 0 0 0 0 ] [ 0.000 0.000 1.000 0.000 0.000 ]
|   35 [ 1 0 0 0 0 ] [ 1.000 0.000 0.949 0.995 0.000 ]
|   36 [ 1 0 0 1 0 ] [ 0.000 0.000 0.000 1.000 0.000 ]
|   37 [ 1 0 0 1 0 ] [ 0.643 1.000 1.000 0.049 0.000 ]
|   38 [ 0 0 1 0 0 ] [ 0.000 0.007 0.999 0.655 0.000 ]
|   39 [ 0 0 0 1 0 ] [ 0.000 0.000 1.000 0.009 0.000 ]
|   40 [ 0 0 0 1 0 ] [ 0.000 0.000 0.000 0.018 0.000 ]
|   41 [ 1 0 1 0 0 ] [ 0.000 1.000 1.000 0.000 0.000 ]
|   42 [ 1 1 0 1 0 ] [ 1.000 1.000 0.992 0.000 0.000 ]
|   43 [ 1 0 0 0 0 ] [ 1.000 0.000 0.000 0.000 0.000 ]
|   44 [ 1 0 0 0 0 ] [ 1.000 0.000 0.000 0.000 0.000 ]
|   45 [ 1 0 0 1 0 ] [ 0.108 0.000 0.004 1.000 0.000 ]
|   46 [ 1 0 0 0 0 ] [ 0.992 1.000 0.000 1.000 0.000 ]
|   47 [ 1 0 0 1 0 ] [ 0.996 1.000 0.133 0.994 0.000 ]
|   48 [ 1 0 0 0 0 ] [ 1.000 1.000 0.000 1.000 0.000 ]
|   49 [ 1 0 0 0 0 ] [ 0.589 1.000 0.966 0.927 0.000 ]
|   50 [ 0 0 0 0 0 ] [ 0.000 0.000 1.000 1.000 0.000 ]
|   51 [ 0 0 1 0 0 ] [ 0.006 0.000 0.000 0.000 0.000 ]
|   52 [ 1 0 1 0 0 ] [ 0.470 0.997 0.930 0.950 0.000 ]
|   53 [ 1 0 0 0 0 ] [ 1.000 0.000 0.000 0.000 0.000 ]
|   54 [ 0 0 0 0 0 ] [ 0.131 0.048 0.057 0.994 0.000 ]
|   55 [ 1 0 0 0 0 ] [ 1.000 0.000 0.000 0.000 0.000 ]
|   56 [ 1 0 0 0 0 ] [ 1.000 0.000 0.000 0.000 0.000 ]
|   57 [ 1 0 1 0 0 ] [ 0.000 1.000 0.000 1.000 0.000 ]
|   58 [ 1 0 1 0 0 ] [ 1.000 1.000 0.000 1.000 0.000 ]
|   59 [ 0 0 1 0 0 ] [ 0.003 0.212 1.000 0.007 0.000 ]
|   60 [ 0 0 1 0 0 ] [ 0.294 0.000 0.924 0.991 0.000 ]
|   61 [ 0 0 0 1 0 ] [ 0.000 0.000 0.999 0.996 0.000 ]
|   62 [ 1 0 0 1 0 ] [ 1.000 0.000 0.000 0.000 0.000 ]
|   63 [ 1 0 0 0 0 ] [ 1.000 0.000 0.000 0.000 0.000 ]
|   64 [ 0 0 1 0 0 ] [ 0.000 0.000 0.972 1.000 0.000 ]
|   65 [ 1 0 0 0 0 ] [ 1.000 1.000 0.993 0.531 0.000 ]
|   66 [ 0 0 1 0 0 ] [ 0.000 0.000 0.315 0.933 0.000 ]
|   67 [ 1 0 0 1 0 ] [ 0.991 1.000 0.084 0.999 0.000 ]
|   68 [ 0 0 0 0 0 ] [ 0.000 0.000 0.000 0.993 0.000 ]
|   69 [ 1 0 0 0 0 ] [ 1.000 0.000 0.000 0.000 0.000 ]
|   70 [ 0 0 0 1 0 ] [ 0.000 0.000 0.372 0.174 0.000 ]
|   71 [ 0 0 0 0 0 ] [ 1.000 0.000 0.000 0.082 0.000 ]
|   72 [ 0 0 0 1 0 ] [ 0.000 0.000 0.000 0.997 0.000 ]
|   73 [ 1 0 0 1 0 ] [ 1.000 1.000 0.977 0.040 0.000 ]
|   74 [ 0 0 0 0 0 ] [ 0.000 0.000 0.924 0.960 0.000 ]
|   75 [ 1 0 0 0 0 ] [ 1.000 0.000 0.000 0.000 0.000 ]
|   76 [ 0 0 0 1 0 ] [ 0.031 0.000 0.000 0.941 0.000 ]
|   77 [ 1 1 0 1 0 ] [ 1.000 1.000 0.033 0.930 0.000 ]
|   78 [ 1 1 0 0 0 ] [ 0.067 0.830 0.271 0.971 0.000 ]
|   79 [ 1 0 0 0 0 ] [ 0.989 0.000 0.000 0.524 0.000 ]
|   80 [ 1 0 0 0 0 ] [ 1.000 0.000 0.000 0.000 0.000 ]
|   81 [ 0 0 0 0 0 ] [ 0.000 0.000 0.999 0.998 0.000 ]
|   82 [ 0 0 0 0 0 ] [ 0.000 0.000 0.999 0.000 0.000 ]
|   83 [ 1 0 0 1 0 ] [ 1.000 1.000 0.007 0.998 0.000 ]
|   84 [ 0 0 1 0 0 ] [ 1.000 0.613 0.000 0.924 0.000 ]
|   85 [ 1 0 1 0 0 ] [ 0.984 0.872 0.971 0.020 0.000 ]
|   86 [ 1 0 0 0 0 ] [ 1.000 0.000 0.990 0.000 0.000 ]
|   87 [ 0 0 0 1 0 ] [ 0.995 0.998 0.005 0.985 0.000 ]
|   88 [ 0 0 0 0 0 ] [ 0.000 0.000 0.032 0.944 0.000 ]
|   89 [ 0 0 0 0 0 ] [ 1.000 1.000 0.000 0.931 0.000 ]
|   90 [ 1 1 0 1 0 ] [ 1.000 1.000 0.362 0.993 0.000 ]
|   91 [ 0 0 0 0 0 ] [ 0.332 0.996 0.898 0.978 0.000 ]
|   92 [ 0 0 0 1 0 ] [ 0.000 1.000 0.000 1.000 0.000 ]
|   93 [ 1 0 0 0 0 ] [ 1.000 0.000 0.000 0.000 0.000 ]
|   94 [ 0 0 0 1 0 ] [ 0.044 0.925 1.000 0.000 0.000 ]
|   95 [ 0 0 0 1 0 ] [ 0.000 0.000 0.995 0.213 0.000 ]
|   96 [ 1 0 0 0 0 ] [ 1.000 1.000 0.650 0.993 0.000 ]
|   97 [ 0 0 0 0 0 ] [ 0.000 0.000 0.000 0.361 0.000 ]
|   98 [ 0 0 1 0 0 ] [ 0.000 0.000 0.860 1.000 0.000 ]
|   99 [ 1 1 0 1 0 ] [ 0.092 0.986 1.000 0.000 0.000 ]
|  100 [ 1 1 0 1 0 ] [ 0.168 1.000 1.000 0.000 0.000 ]
|  101 [ 1 1 1 0 0 ] [ 1.000 1.000 0.266 0.999 0.000 ]
|  102 [ 1 0 1 0 0 ] [ 0.071 1.000 0.003 0.002 0.000 ]
|  103 [ 1 0 0 1 0 ] [ 1.000 1.000 1.000 0.683 0.000 ]
|  104 [ 1 0 0 0 0 ] [ 0.997 0.995 0.200 0.089 0.000 ]
|  105 [ 1 0 0 0 0 ] [ 0.977 0.000 0.000 1.000 0.000 ]
|  106 [ 0 0 0 1 0 ] [ 0.119 0.893 0.660 0.366 0.000 ]
|  107 [ 1 0 0 1 0 ] [ 1.000 1.000 0.737 0.997 0.000 ]
|  108 [ 1 0 0 0 0 ] [ 1.000 0.000 0.000 0.000 0.000 ]
|  109 [ 0 0 0 0 0 ] [ 0.000 0.000 0.009 0.994 0.000 ]
|  110 [ 1 0 1 0 0 ] [ 1.000 1.000 0.000 0.995 0.000 ]
|==============================<
