0.23966065747614
0.15521978021978022
0.5255813953488372
0.6888888888888889
0.6940298507462687
0.6838235294117647
0.06504065040650407
0.04
0.17391304347826086
0.3949579831932773
0.2874617737003058
0.6308724832214765
0.06748466257668712
0.047619047619047616
0.11578947368421053
0.1650485436893204
0.1559633027522936
0.17525773195876287
0.08618504435994931
0.14782608695652175
0.06082289803220036
0.011741682974559686
0.041666666666666664
0.00683371298405467
0.44147157190635455
0.49070631970260226
0.4012158054711246
0.5042492917847026
0.5144508670520231
0.49444444444444446
0.2094240837696335
0.40816326530612246
0.14084507042253522
0.4717800289435601
0.6940298507462687
0.6838235294117647
0.15789473684210525
0.1956521739130435
0.6838235294117647
0.0
0.0
0.0
0.6578947368421053
0.876577840112202
0.5265374894692502
end
