0.6328335255670896
0.5972423802612482
0.6729354047424366
0.657331136738056
0.7521206409048068
0.5837600585223116
0.45810055865921784
0.31417624521072796
0.845360824742268
0.043010752688172046
0.04195804195804196
0.04411764705882353
0.009925558312655087
0.00546448087431694
0.05405405405405406
0.6544868350349274
0.9035608308605341
0.5130581297388374
end
0.6328335255670896
0.5972423802612482
0.6729354047424366
0.657331136738056
0.7521206409048068
0.5837600585223116
0.45810055865921784
0.31417624521072796
0.845360824742268
0.043010752688172046
0.04195804195804196
0.04411764705882353
0.009925558312655087
0.00546448087431694
0.05405405405405406
0.6544868350349274
0.9035608308605341
0.5130581297388374
end
0.6328335255670896
0.5972423802612482
0.6729354047424366
0.657331136738056
0.7521206409048068
0.5837600585223116
0.45810055865921784
0.31417624521072796
0.845360824742268
0.043010752688172046
0.04195804195804196
0.04411764705882353
0.009925558312655087
0.00546448087431694
0.05405405405405406
0.6544868350349274
0.9035608308605341
0.5130581297388374
end
0.6328335255670896
0.5972423802612482
0.6729354047424366
0.657331136738056
0.7521206409048068
0.5837600585223116
0.45810055865921784
0.31417624521072796
0.845360824742268
0.043010752688172046
0.04195804195804196
0.04411764705882353
0.009925558312655087
0.00546448087431694
0.05405405405405406
0.6544868350349274
0.9035608308605341
0.5130581297388374
end
0.6328335255670896
0.5972423802612482
0.6729354047424366
0.657331136738056
0.7521206409048068
0.5837600585223116
0.45810055865921784
0.31417624521072796
0.845360824742268
0.043010752688172046
0.04195804195804196
0.04411764705882353
0.009925558312655087
0.00546448087431694
0.05405405405405406
0.6544868350349274
0.9035608308605341
0.5130581297388374
end
0.6328335255670896
0.5972423802612482
0.6729354047424366
0.657331136738056
0.7521206409048068
0.5837600585223116
0.45810055865921784
0.31417624521072796
0.845360824742268
0.043010752688172046
0.04195804195804196
0.04411764705882353
0.009925558312655087
0.00546448087431694
0.05405405405405406
0.6544868350349274
0.9035608308605341
0.5130581297388374
end
0.6328335255670896
0.5972423802612482
0.6729354047424366
0.657331136738056
0.7521206409048068
0.5837600585223116
0.45810055865921784
0.31417624521072796
0.845360824742268
0.043010752688172046
0.04195804195804196
0.04411764705882353
0.009925558312655087
0.00546448087431694
0.05405405405405406
0.6544868350349274
0.9035608308605341
0.5130581297388374
end
0.6328335255670896
0.5972423802612482
0.6729354047424366
0.657331136738056
0.7521206409048068
0.5837600585223116
0.45810055865921784
0.31417624521072796
0.845360824742268
0.043010752688172046
0.04195804195804196
0.04411764705882353
0.009925558312655087
0.00546448087431694
0.05405405405405406
0.6544868350349274
0.9035608308605341
0.5130581297388374
end
0.6328335255670896
0.5972423802612482
0.6729354047424366
0.657331136738056
0.7521206409048068
0.5837600585223116
0.45810055865921784
0.31417624521072796
0.845360824742268
0.043010752688172046
0.04195804195804196
0.04411764705882353
0.009925558312655087
0.00546448087431694
0.05405405405405406
0.6544868350349274
0.9035608308605341
0.5130581297388374
end
0.6328335255670896
0.5972423802612482
0.6729354047424366
0.657331136738056
0.7521206409048068
0.5837600585223116
0.45810055865921784
0.31417624521072796
0.845360824742268
0.043010752688172046
0.04195804195804196
0.04411764705882353
0.009925558312655087
0.00546448087431694
0.05405405405405406
0.6544868350349274
0.9035608308605341
0.5130581297388374
end
