0.6332129963898917
0.5669036845507434
0.7170891251022077
0.706102583302134
0.723159509202454
0.68983174835406
0.6216216216216216
0.552
0.711340206185567
0.008298755186721992
0.009523809523809525
0.007352941176470588
0.007936507936507936
0.004651162790697674
0.02702702702702703
0.6596858638743456
0.8713692946058091
0.5307497893850042
end
0.6315028901734104
0.565695792880259
0.7146361406377759
0.7040778151889263
0.72052067381317
0.6883686905632772
0.6202247191011235
0.549800796812749
0.711340206185567
0.008298755186721992
0.009523809523809525
0.007352941176470588
0.007968127490039839
0.004672897196261682
0.02702702702702703
0.6596858638743456
0.8713692946058091
0.5307497893850042
end
0.6308579668348955
0.5641521598968408
0.7154538021259199
0.7056617922759655
0.7238461538461538
0.6883686905632772
0.6216216216216216
0.552
0.711340206185567
0.008298755186721992
0.009523809523809525
0.007352941176470588
0.007936507936507936
0.004651162790697674
0.02702702702702703
0.6596858638743456
0.8713692946058091
0.5307497893850042
end
0.632262721039336
0.5658914728682171
0.7162714636140638
0.7056179775280899
0.7229470452801228
0.6891002194586686
0.6202247191011235
0.549800796812749
0.711340206185567
0.008298755186721992
0.009523809523809525
0.007352941176470588
0.007968127490039839
0.004672897196261682
0.02702702702702703
0.6596858638743456
0.8713692946058091
0.5307497893850042
end
0.6318067075369637
0.5651612903225807
0.7162714636140638
0.7053973013493253
0.7232897770945427
0.6883686905632772
0.6216216216216216
0.552
0.711340206185567
0.008298755186721992
0.009523809523809525
0.007352941176470588
0.007936507936507936
0.004651162790697674
0.02702702702702703
0.6596858638743456
0.8713692946058091
0.5307497893850042
end
0.6308966510622974
0.5637065637065637
0.7162714636140638
0.7064564564564564
0.725520431765613
0.6883686905632772
0.6216216216216216
0.552
0.711340206185567
0.008298755186721992
0.009523809523809525
0.007352941176470588
0.007936507936507936
0.004651162790697674
0.02702702702702703
0.6596858638743456
0.8713692946058091
0.5307497893850042
end
0.6316931982633864
0.5665152498377677
0.713818479149632
0.7052670900261486
0.7206106870229008
0.6905632772494513
0.6216216216216216
0.552
0.711340206185567
0.008298755186721992
0.009523809523809525
0.007352941176470588
0.007936507936507936
0.004651162790697674
0.02702702702702703
0.6596858638743456
0.8713692946058091
0.5307497893850042
end
0.6316931982633864
0.5665152498377677
0.713818479149632
0.7022786701531566
0.7175572519083969
0.6876371616678859
0.6202247191011235
0.549800796812749
0.711340206185567
0.008298755186721992
0.009523809523809525
0.007352941176470588
0.007968127490039839
0.004672897196261682
0.02702702702702703
0.6596858638743456
0.8713692946058091
0.5307497893850042
end
0.6330209084354723
0.56608639587363
0.7179067865903516
0.7064116985376828
0.7246153846153847
0.6891002194586686
0.6216216216216216
0.552
0.711340206185567
0.008298755186721992
0.009523809523809525
0.007352941176470588
0.007936507936507936
0.004651162790697674
0.02702702702702703
0.6596858638743456
0.8713692946058091
0.5307497893850042
end
0.6319971108703503
0.5659767141009056
0.7154538021259199
0.7043413173652695
0.7210727969348659
0.6883686905632772
0.6216216216216216
0.552
0.711340206185567
0.008298755186721992
0.009523809523809525
0.007352941176470588
0.007936507936507936
0.004651162790697674
0.02702702702702703
0.6596858638743456
0.8713692946058091
0.5307497893850042
end
0.631008312251536
0.5654145077720207
0.713818479149632
0.7038145100972325
0.7199693955623565
0.6883686905632772
0.6216216216216216
0.552
0.711340206185567
0.008298755186721992
0.009523809523809525
0.007352941176470588
0.007936507936507936
0.004651162790697674
0.02702702702702703
0.6596858638743456
0.8713692946058091
0.5307497893850042
end
0.6306695464362851
0.5633440514469453
0.7162714636140638
0.705219677055952
0.7245370370370371
0.6869056327724945
0.6216216216216216
0.552
0.711340206185567
0.008298755186721992
0.009523809523809525
0.007352941176470588
0.007936507936507936
0.004651162790697674
0.02702702702702703
0.6596858638743456
0.8713692946058091
0.5307497893850042
end
