0.4857685009487666
0.41025641025641024
0.5953488372093023
0.564516129032258
0.625
0.5147058823529411
0.31578947368421056
0.2131979695431472
0.6086956521739131
0.4450867052023122
0.39086294416243655
0.5167785234899329
0.0462046204620462
0.03365384615384615
0.07368421052631578
0.0
1.0
0.0
0.39716312056737585
0.3936731107205624
0.4007155635062612
0.3586626139817629
0.32299270072992703
0.4031890660592255
0.4131627056672761
0.518348623853211
0.3434650455927052
0.6030534351145038
0.6583333333333333
0.5563380281690141
0.5512265512265512
0.5735735735735735
0.5305555555555556
0.62
0.5065359477124183
0.7989690721649485
0.015384615384615384
0.016129032258064516
0.014705882352941176
0.1285714285714286
0.08737864077669903
0.24324324324324326
0.7106854838709679
0.8845671267252195
0.5939342881213142
0.4857685009487666
0.41025641025641024
0.5953488372093023
0.564516129032258
0.625
0.5147058823529411
0.31578947368421056
0.2131979695431472
0.6086956521739131
0.4450867052023122
0.39086294416243655
0.5167785234899329
0.0462046204620462
0.03365384615384615
0.07368421052631578
0.0
1.0
0.0
0.39716312056737585
0.3936731107205624
0.4007155635062612
0.3586626139817629
0.32299270072992703
0.4031890660592255
0.4131627056672761
0.518348623853211
0.3434650455927052
0.6030534351145038
0.6583333333333333
0.5563380281690141
0.5512265512265512
0.5735735735735735
0.5305555555555556
0.62
0.5065359477124183
0.7989690721649485
0.015384615384615384
0.016129032258064516
0.014705882352941176
0.1285714285714286
0.08737864077669903
0.24324324324324326
0.7106854838709679
0.8845671267252195
0.5939342881213142
0.4857685009487666
0.41025641025641024
0.5953488372093023
0.564516129032258
0.625
0.5147058823529411
0.31578947368421056
0.2131979695431472
0.6086956521739131
0.4450867052023122
0.39086294416243655
0.5167785234899329
0.0462046204620462
0.03365384615384615
0.07368421052631578
0.0
1.0
0.0
0.40070609002647833
0.39547038327526135
0.40608228980322003
0.3564154786150713
0.32228360957642727
0.39863325740318906
0.4131627056672761
0.518348623853211
0.3434650455927052
0.6030534351145038
0.6583333333333333
0.5563380281690141
0.5512265512265512
0.5735735735735735
0.5305555555555556
0.62
0.5065359477124183
0.7989690721649485
0.015384615384615384
0.016129032258064516
0.014705882352941176
0.1285714285714286
0.08737864077669903
0.24324324324324326
0.7106854838709679
0.8845671267252195
0.5939342881213142
0.4857685009487666
0.41025641025641024
0.5953488372093023
0.564516129032258
0.625
0.5147058823529411
0.31578947368421056
0.2131979695431472
0.6086956521739131
0.4450867052023122
0.39086294416243655
0.5167785234899329
0.0462046204620462
0.03365384615384615
0.07368421052631578
0.0
1.0
0.0
0.40070609002647833
0.39547038327526135
0.40608228980322003
0.3564154786150713
0.32228360957642727
0.39863325740318906
0.4131627056672761
0.518348623853211
0.3434650455927052
0.6030534351145038
0.6583333333333333
0.5563380281690141
0.5512265512265512
0.5735735735735735
0.5305555555555556
0.62
0.5065359477124183
0.7989690721649485
0.015384615384615384
0.016129032258064516
0.014705882352941176
0.1285714285714286
0.08737864077669903
0.24324324324324326
0.7106854838709679
0.8845671267252195
0.5939342881213142
0.4857685009487666
0.41025641025641024
0.5953488372093023
0.564516129032258
0.625
0.5147058823529411
0.31578947368421056
0.2131979695431472
0.6086956521739131
0.4450867052023122
0.39086294416243655
0.5167785234899329
0.0462046204620462
0.03365384615384615
0.07368421052631578
0.0
1.0
0.0
0.40211640211640215
0.39652173913043476
0.407871198568873
0.3567787971457696
0.32287822878228783
0.39863325740318906
0.4131627056672761
0.518348623853211
0.3434650455927052
0.6030534351145038
0.6583333333333333
0.5563380281690141
0.5512265512265512
0.5735735735735735
0.5305555555555556
0.62
0.5065359477124183
0.7989690721649485
0.015384615384615384
0.016129032258064516
0.014705882352941176
0.1285714285714286
0.08737864077669903
0.24324324324324326
0.7106854838709679
0.8845671267252195
0.5939342881213142
0.4857685009487666
0.41025641025641024
0.5953488372093023
0.564516129032258
0.625
0.5147058823529411
0.31578947368421056
0.2131979695431472
0.6086956521739131
0.4450867052023122
0.39086294416243655
0.5167785234899329
0.0462046204620462
0.03365384615384615
0.07368421052631578
0.0
1.0
0.0
0.40281442392260336
0.3961937716262976
0.40966010733452596
0.3537832310838446
0.3209647495361781
0.3940774487471526
0.4131627056672761
0.518348623853211
0.3434650455927052
0.6030534351145038
0.6583333333333333
0.5563380281690141
0.5512265512265512
0.5735735735735735
0.5305555555555556
0.62
0.5065359477124183
0.7989690721649485
0.015384615384615384
0.016129032258064516
0.014705882352941176
0.1285714285714286
0.08737864077669903
0.24324324324324326
0.7106854838709679
0.8845671267252195
0.5939342881213142
0.4857685009487666
0.41025641025641024
0.5953488372093023
0.564516129032258
0.625
0.5147058823529411
0.31578947368421056
0.2131979695431472
0.6086956521739131
0.4450867052023122
0.39086294416243655
0.5167785234899329
0.0462046204620462
0.03365384615384615
0.07368421052631578
0.0
1.0
0.0
0.4017699115044248
0.3975481611208406
0.40608228980322003
0.35736040609137054
0.32234432234432236
0.4009111617312073
0.4131627056672761
0.518348623853211
0.3434650455927052
0.6030534351145038
0.6583333333333333
0.5563380281690141
0.5512265512265512
0.5735735735735735
0.5305555555555556
0.62
0.5065359477124183
0.7989690721649485
0.015384615384615384
0.016129032258064516
0.014705882352941176
0.1285714285714286
0.08737864077669903
0.24324324324324326
0.7106854838709679
0.8845671267252195
0.5939342881213142
0.4857685009487666
0.41025641025641024
0.5953488372093023
0.564516129032258
0.625
0.5147058823529411
0.31578947368421056
0.2131979695431472
0.6086956521739131
0.4450867052023122
0.39086294416243655
0.5167785234899329
0.0462046204620462
0.03365384615384615
0.07368421052631578
0.0
1.0
0.0
0.4028393966282165
0.3996478873239437
0.40608228980322003
0.3582995951417004
0.3224043715846995
0.4031890660592255
0.4131627056672761
0.518348623853211
0.3434650455927052
0.6030534351145038
0.6583333333333333
0.5563380281690141
0.5512265512265512
0.5735735735735735
0.5305555555555556
0.62
0.5065359477124183
0.7989690721649485
0.015384615384615384
0.016129032258064516
0.014705882352941176
0.1285714285714286
0.08737864077669903
0.24324324324324326
0.7106854838709679
0.8845671267252195
0.5939342881213142
0.4857685009487666
0.41025641025641024
0.5953488372093023
0.564516129032258
0.625
0.5147058823529411
0.31578947368421056
0.2131979695431472
0.6086956521739131
0.4450867052023122
0.39086294416243655
0.5167785234899329
0.0462046204620462
0.03365384615384615
0.07368421052631578
0.0
1.0
0.0
0.3975155279503106
0.39436619718309857
0.4007155635062612
0.3582995951417004
0.3224043715846995
0.4031890660592255
0.4131627056672761
0.518348623853211
0.3434650455927052
0.6030534351145038
0.6583333333333333
0.5563380281690141
0.5512265512265512
0.5735735735735735
0.5305555555555556
0.62
0.5065359477124183
0.7989690721649485
0.015384615384615384
0.016129032258064516
0.014705882352941176
0.1285714285714286
0.08737864077669903
0.24324324324324326
0.7106854838709679
0.8845671267252195
0.5939342881213142
0.4857685009487666
0.41025641025641024
0.5953488372093023
0.564516129032258
0.625
0.5147058823529411
0.31578947368421056
0.2131979695431472
0.6086956521739131
0.4450867052023122
0.39086294416243655
0.5167785234899329
0.0462046204620462
0.03365384615384615
0.07368421052631578
0.0
1.0
0.0
0.40070609002647833
0.39547038327526135
0.40608228980322003
0.3564154786150713
0.32228360957642727
0.39863325740318906
0.4131627056672761
0.518348623853211
0.3434650455927052
0.6030534351145038
0.6583333333333333
0.5563380281690141
0.5512265512265512
0.5735735735735735
0.5305555555555556
0.62
0.5065359477124183
0.7989690721649485
0.015384615384615384
0.016129032258064516
0.014705882352941176
0.1285714285714286
0.08737864077669903
0.24324324324324326
0.7106854838709679
0.8845671267252195
0.5939342881213142
0.4838095238095239
0.4096774193548387
0.5906976744186047
0.570281124497992
0.6283185840707964
0.5220588235294118
0.3233082706766917
0.2182741116751269
0.6231884057971014
0.4508670520231214
0.39593908629441626
0.5234899328859061
0.045901639344262286
0.03333333333333333
0.07368421052631578
0.0
1.0
0.0
0.4100268576544315
0.4103942652329749
0.40966010733452596
0.36072144288577157
0.3220035778175313
0.41002277904328016
0.4131627056672761
0.518348623853211
0.3434650455927052
0.6053639846743295
0.6638655462184874
0.5563380281690141
0.5512265512265512
0.5735735735735735
0.5305555555555556
0.62
0.5065359477124183
0.7989690721649485
0.015384615384615384
0.016129032258064516
0.014705882352941176
0.1285714285714286
0.08737864077669903
0.24324324324324326
0.7106854838709679
0.8845671267252195
0.5939342881213142
0.4838095238095239
0.4096774193548387
0.5906976744186047
0.570281124497992
0.6283185840707964
0.5220588235294118
0.3233082706766917
0.2182741116751269
0.6231884057971014
0.4508670520231214
0.39593908629441626
0.5234899328859061
0.045901639344262286
0.03333333333333333
0.07368421052631578
0.0
1.0
0.0
0.41030195381882767
0.4074074074074074
0.41323792486583183
0.3579373104145602
0.32181818181818184
0.4031890660592255
0.4131627056672761
0.518348623853211
0.3434650455927052
0.6053639846743295
0.6638655462184874
0.5563380281690141
0.5512265512265512
0.5735735735735735
0.5305555555555556
0.62
0.5065359477124183
0.7989690721649485
0.015384615384615384
0.016129032258064516
0.014705882352941176
0.1285714285714286
0.08737864077669903
0.24324324324324326
0.7106854838709679
0.8845671267252195
0.5939342881213142
0.4838095238095239
0.4096774193548387
0.5906976744186047
0.570281124497992
0.6283185840707964
0.5220588235294118
0.3233082706766917
0.2182741116751269
0.6231884057971014
0.4508670520231214
0.39593908629441626
0.5234899328859061
0.045901639344262286
0.03333333333333333
0.07368421052631578
0.0
1.0
0.0
0.41732979664014147
0.4125874125874126
0.4221824686940966
0.35569105691056907
0.3211009174311927
0.39863325740318906
0.4131627056672761
0.518348623853211
0.3434650455927052
0.6053639846743295
0.6638655462184874
0.5563380281690141
0.5512265512265512
0.5735735735735735
0.5305555555555556
0.62
0.5065359477124183
0.7989690721649485
0.015384615384615384
0.016129032258064516
0.014705882352941176
0.1285714285714286
0.08737864077669903
0.24324324324324326
0.7106854838709679
0.8845671267252195
0.5939342881213142
0.4838095238095239
0.4096774193548387
0.5906976744186047
0.570281124497992
0.6283185840707964
0.5220588235294118
0.3233082706766917
0.2182741116751269
0.6231884057971014
0.4508670520231214
0.39593908629441626
0.5234899328859061
0.045901639344262286
0.03333333333333333
0.07368421052631578
0.0
1.0
0.0
0.40860215053763443
0.40933572710951527
0.407871198568873
0.36036036036036034
0.32142857142857145
0.41002277904328016
0.4131627056672761
0.518348623853211
0.3434650455927052
0.6053639846743295
0.6638655462184874
0.5563380281690141
0.5512265512265512
0.5735735735735735
0.5305555555555556
0.62
0.5065359477124183
0.7989690721649485
0.015384615384615384
0.016129032258064516
0.014705882352941176
0.1285714285714286
0.08737864077669903
0.24324324324324326
0.7106854838709679
0.8845671267252195
0.5939342881213142
0.4838095238095239
0.4096774193548387
0.5906976744186047
0.570281124497992
0.6283185840707964
0.5220588235294118
0.3233082706766917
0.2182741116751269
0.6231884057971014
0.4508670520231214
0.39593908629441626
0.5234899328859061
0.045901639344262286
0.03333333333333333
0.07368421052631578
0.0
1.0
0.0
0.41929824561403506
0.4113597246127367
0.4275491949910555
0.3507692307692308
0.31902985074626866
0.3895216400911162
0.4131627056672761
0.518348623853211
0.3434650455927052
0.6053639846743295
0.6638655462184874
0.5563380281690141
0.5512265512265512
0.5735735735735735
0.5305555555555556
0.62
0.5065359477124183
0.7989690721649485
0.015384615384615384
0.016129032258064516
0.014705882352941176
0.1285714285714286
0.08737864077669903
0.24324324324324326
0.7106854838709679
0.8845671267252195
0.5939342881213142
0.4838095238095239
0.4096774193548387
0.5906976744186047
0.570281124497992
0.6283185840707964
0.5220588235294118
0.3233082706766917
0.2182741116751269
0.6231884057971014
0.4508670520231214
0.39593908629441626
0.5234899328859061
0.045901639344262286
0.03333333333333333
0.07368421052631578
0.0
1.0
0.0
0.4182776801405975
0.4110535405872193
0.4257602862254025
0.3541453428863868
0.3215613382899628
0.3940774487471526
0.4131627056672761
0.518348623853211
0.3434650455927052
0.6053639846743295
0.6638655462184874
0.5563380281690141
0.5512265512265512
0.5735735735735735
0.5305555555555556
0.62
0.5065359477124183
0.7989690721649485
0.015384615384615384
0.016129032258064516
0.014705882352941176
0.1285714285714286
0.08737864077669903
0.24324324324324326
0.7106854838709679
0.8845671267252195
0.5939342881213142
0.4838095238095239
0.4096774193548387
0.5906976744186047
0.570281124497992
0.6283185840707964
0.5220588235294118
0.3233082706766917
0.2182741116751269
0.6231884057971014
0.4508670520231214
0.39593908629441626
0.5234899328859061
0.045901639344262286
0.03333333333333333
0.07368421052631578
0.0
1.0
0.0
0.41864555848724716
0.4117647058823529
0.4257602862254025
0.35173824130879344
0.31910946196660483
0.3917995444191344
0.4131627056672761
0.518348623853211
0.3434650455927052
0.6053639846743295
0.6638655462184874
0.5563380281690141
0.5512265512265512
0.5735735735735735
0.5305555555555556
0.62
0.5065359477124183
0.7989690721649485
0.015384615384615384
0.016129032258064516
0.014705882352941176
0.1285714285714286
0.08737864077669903
0.24324324324324326
0.7106854838709679
0.8845671267252195
0.5939342881213142
0.4838095238095239
0.4096774193548387
0.5906976744186047
0.570281124497992
0.6283185840707964
0.5220588235294118
0.3233082706766917
0.2182741116751269
0.6231884057971014
0.4508670520231214
0.39593908629441626
0.5234899328859061
0.045901639344262286
0.03333333333333333
0.07368421052631578
0.0
1.0
0.0
0.41872791519434627
0.41361256544502617
0.42397137745974955
0.35605289928789424
0.32169117647058826
0.39863325740318906
0.4131627056672761
0.518348623853211
0.3434650455927052
0.6053639846743295
0.6638655462184874
0.5563380281690141
0.5512265512265512
0.5735735735735735
0.5305555555555556
0.62
0.5065359477124183
0.7989690721649485
0.015384615384615384
0.016129032258064516
0.014705882352941176
0.1285714285714286
0.08737864077669903
0.24324324324324326
0.7106854838709679
0.8845671267252195
0.5939342881213142
0.4838095238095239
0.4096774193548387
0.5906976744186047
0.570281124497992
0.6283185840707964
0.5220588235294118
0.3233082706766917
0.2182741116751269
0.6231884057971014
0.4508670520231214
0.39593908629441626
0.5234899328859061
0.045901639344262286
0.03333333333333333
0.07368421052631578
0.0
1.0
0.0
0.4100268576544315
0.4103942652329749
0.40966010733452596
0.36072144288577157
0.3220035778175313
0.41002277904328016
0.4131627056672761
0.518348623853211
0.3434650455927052
0.6053639846743295
0.6638655462184874
0.5563380281690141
0.5512265512265512
0.5735735735735735
0.5305555555555556
0.62
0.5065359477124183
0.7989690721649485
0.015384615384615384
0.016129032258064516
0.014705882352941176
0.1285714285714286
0.08737864077669903
0.24324324324324326
0.7106854838709679
0.8845671267252195
0.5939342881213142
0.4838095238095239
0.4096774193548387
0.5906976744186047
0.570281124497992
0.6283185840707964
0.5220588235294118
0.3233082706766917
0.2182741116751269
0.6231884057971014
0.4508670520231214
0.39593908629441626
0.5234899328859061
0.045901639344262286
0.03333333333333333
0.07368421052631578
0.0
1.0
0.0
0.41798941798941797
0.4121739130434783
0.42397137745974955
0.3547400611620795
0.3210332103321033
0.39635535307517084
0.4131627056672761
0.518348623853211
0.3434650455927052
0.6053639846743295
0.6638655462184874
0.5563380281690141
0.5512265512265512
0.5735735735735735
0.5305555555555556
0.62
0.5065359477124183
0.7989690721649485
0.015384615384615384
0.016129032258064516
0.014705882352941176
0.1285714285714286
0.08737864077669903
0.24324324324324326
0.7106854838709679
0.8845671267252195
0.5939342881213142
