0.6328335255670896
0.5972423802612482
0.6729354047424366
0.657331136738056
0.7521206409048068
0.5837600585223116
0.4587412587412588
0.31477927063339733
0.845360824742268
0.043010752688172046
0.04195804195804196
0.04411764705882353
0.009925558312655087
0.00546448087431694
0.05405405405405406
0.6541353383458647
0.9022222222222223
0.5130581297388374
end
0.6328335255670896
0.5972423802612482
0.6729354047424366
0.657331136738056
0.7521206409048068
0.5837600585223116
0.46002805049088363
0.3159922928709056
0.845360824742268
0.04285714285714286
0.041666666666666664
0.04411764705882353
0.009900990099009901
0.005449591280653951
0.05405405405405406
0.6541353383458647
0.9022222222222223
0.5130581297388374
end
0.6328335255670896
0.5972423802612482
0.6729354047424366
0.657331136738056
0.7521206409048068
0.5837600585223116
0.4593837535014006
0.3153846153846154
0.845360824742268
0.043010752688172046
0.04195804195804196
0.04411764705882353
0.009900990099009901
0.005449591280653951
0.05405405405405406
0.6541353383458647
0.9022222222222223
0.5130581297388374
end
0.6328335255670896
0.5972423802612482
0.6729354047424366
0.657331136738056
0.7521206409048068
0.5837600585223116
0.4587412587412588
0.31477927063339733
0.845360824742268
0.043010752688172046
0.04195804195804196
0.04411764705882353
0.009925558312655087
0.00546448087431694
0.05405405405405406
0.6541353383458647
0.9022222222222223
0.5130581297388374
end
0.6328335255670896
0.5972423802612482
0.6729354047424366
0.657331136738056
0.7521206409048068
0.5837600585223116
0.4587412587412588
0.31477927063339733
0.845360824742268
0.04285714285714286
0.041666666666666664
0.04411764705882353
0.009925558312655087
0.00546448087431694
0.05405405405405406
0.6544868350349274
0.9035608308605341
0.5130581297388374
end
0.6328335255670896
0.5972423802612482
0.6729354047424366
0.657331136738056
0.7521206409048068
0.5837600585223116
0.46002805049088363
0.3159922928709056
0.845360824742268
0.04285714285714286
0.041666666666666664
0.04411764705882353
0.009900990099009901
0.005449591280653951
0.05405405405405406
0.6541353383458647
0.9022222222222223
0.5130581297388374
end
0.6328335255670896
0.5972423802612482
0.6729354047424366
0.657331136738056
0.7521206409048068
0.5837600585223116
0.45810055865921784
0.31417624521072796
0.845360824742268
0.043010752688172046
0.04195804195804196
0.04411764705882353
0.009925558312655087
0.00546448087431694
0.05405405405405406
0.6544868350349274
0.9035608308605341
0.5130581297388374
end
0.6328335255670896
0.5972423802612482
0.6729354047424366
0.657331136738056
0.7521206409048068
0.5837600585223116
0.4593837535014006
0.3153846153846154
0.845360824742268
0.043010752688172046
0.04195804195804196
0.04411764705882353
0.009876543209876543
0.005434782608695652
0.05405405405405406
0.6544868350349274
0.9035608308605341
0.5130581297388374
end
0.6328335255670896
0.5972423802612482
0.6729354047424366
0.657331136738056
0.7521206409048068
0.5837600585223116
0.4587412587412588
0.31477927063339733
0.845360824742268
0.04285714285714286
0.041666666666666664
0.04411764705882353
0.009925558312655087
0.00546448087431694
0.05405405405405406
0.6544868350349274
0.9035608308605341
0.5130581297388374
end
0.6328335255670896
0.5972423802612482
0.6729354047424366
0.657331136738056
0.7521206409048068
0.5837600585223116
0.45810055865921784
0.31417624521072796
0.845360824742268
0.043010752688172046
0.04195804195804196
0.04411764705882353
0.009925558312655087
0.00546448087431694
0.05405405405405406
0.6544868350349274
0.9035608308605341
0.5130581297388374
end
0.6328335255670896
0.5972423802612482
0.6729354047424366
0.657331136738056
0.7521206409048068
0.5837600585223116
0.4593837535014006
0.3153846153846154
0.845360824742268
0.04285714285714286
0.041666666666666664
0.04411764705882353
0.009900990099009901
0.005449591280653951
0.05405405405405406
0.6544868350349274
0.9035608308605341
0.5130581297388374
end
0.6328335255670896
0.5972423802612482
0.6729354047424366
0.657331136738056
0.7521206409048068
0.5837600585223116
0.46002805049088363
0.3159922928709056
0.845360824742268
0.043010752688172046
0.04195804195804196
0.04411764705882353
0.009876543209876543
0.005434782608695652
0.05405405405405406
0.6541353383458647
0.9022222222222223
0.5130581297388374
end
